5 2 1 00000F 00000000 0
21 4 3 000008 00000000 0
22 4 3 000009 00000000 0
23 4 3 00000A 00000000 0
24 4 3 00000B 00000000 0
25 4 3 00000C 00000000 0
26 4 3 00000D 00000000 0
27 4 3 00000E 00000000 0
28 4 3 00000F 00000064 0
31 2 1 000011 00000000 0
47 4 3 000010 00000000 0
48 4 3 000011 00000010 0
49 4 3 000012 00000020 0
50 4 3 000013 00000000 0
51 4 3 000014 00000000 0
52 4 3 000015 00000000 0
53 4 3 000016 00000000 0
54 4 3 000017 00000000 0
1167 2 2 000007 00000000 0
1183 4 3 000000 00000000 0
1184 4 3 000001 00000000 0
1185 4 3 000002 00000000 0
1186 4 3 000003 00000000 0
1187 4 3 000004 00000000 0
1188 4 3 000005 00000000 0
1189 4 3 000006 00000000 0
1190 4 3 000007 00000000 0
1605 3 1 000012 00000000 0
1606 2 3 000010 00000000 1
1607 2 3 000011 00000075 1
1608 2 3 000012 00000020 1
1609 2 3 000013 00000000 1
1610 2 3 000014 00000000 1
1611 2 3 000015 00000000 1
1612 2 3 000016 00000000 1
1613 2 3 000017 00000000 1
