00002000
00003001
00002000
00003001
00002000
00003001
00002000
00003001
00002000
00003001
00002000
00003001
00002000
00003001
00002000
00003001
00002000
00003001
00002000
00003001
00002000
00003001
00002000
00003001
00002000
00003001
00002000
00003001
00002000
00003001
00002000
00003001
00002000
00002000
00002000
00002000
00002000
00002000
00002000
00002000
00002000
00002000
00002000
00002000
00002000
00002000
00002000
00002000
00002000
00002000
00002000
00002000
00002000
00002000
00002000
00002000
00002000
00002000
00002000
00002000
00002000
00002000
00002000
00002000
