00000001
00000000
00000000
00000000
00000000
00000000
00000000
00000000
00000000
00000000
00000000
00000000
00000000
00000000
00000000
00000000
00000001
00000000
00000000
00000000
00000000
00000000
00000000
00000000
00000000
00000000
00000000
00000000
00000000
00000000
00000000
00000000
00000001
00000000
00000000
00000000
00000000
00000000
00000000
00000000
00000000
00000000
00000000
00000000
00000000
00000000
00000000
00000000
00000001
00000000
00000000
00000000
00000000
00000000
00000000
00000000
00000000
00000000
00000000
00000000
00000000
00000000
00000000
00000000
00000001
00000000
00000000
00000000
00000000
00000000
00000000
00000000
00000000
00000000
00000000
00000000
00000000
00000000
00000000
00000000
00000001
00000000
00000000
00000000
00000000
00000000
00000000
00000000
00000000
00000000
00000000
00000000
00000000
00000000
00000000
00000000
00000001
00000000
00000000
00000000
00000000
00000000
00000000
00000000
00000000
00000000
00000000
00000000
00000000
00000000
00000000
00000000
00000001
00000000
00000000
00000000
00000000
00000000
00000000
00000000
00000000
00000000
00000000
00000000
00000000
00000000
00000000
00000000
FFFFFFFF
00000000
00000000
00000000
00000000
00000000
00000000
00000000
00000000
00000000
00000000
00000000
00000000
00000000
00000000
00000000
FFFFFFFF
00000000
00000000
00000000
00000000
00000000
00000000
00000000
00000000
00000000
00000000
00000000
00000000
00000000
00000000
00000000
FFFFFFFF
00000000
00000000
00000000
00000000
00000000
00000000
00000000
00000000
00000000
00000000
00000000
00000000
00000000
00000000
00000000
FFFFFFFF
00000000
00000000
00000000
00000000
00000000
00000000
00000000
00000000
00000000
00000000
00000000
00000000
00000000
00000000
00000000
FFFFFFFF
00000000
00000000
00000000
00000000
00000000
00000000
00000000
00000000
00000000
00000000
00000000
00000000
00000000
00000000
00000000
FFFFFFFF
00000000
00000000
00000000
00000000
00000000
00000000
00000000
00000000
00000000
00000000
00000000
00000000
00000000
00000000
00000000
FFFFFFFF
00000000
00000000
00000000
00000000
00000000
00000000
00000000
00000000
00000000
00000000
00000000
00000000
00000000
00000000
00000000
FFFFFFFF
00000000
00000000
00000000
00000000
00000000
00000000
00000000
00000000
00000000
00000000
00000000
00000000
00000000
00000000
00000000
00000001
FFFFFFFE
00000003
FFFFFFFC
00000005
FFFFFFFA
00000007
FFFFFFF8
00000009
FFFFFFF6
0000000B
FFFFFFF4
0000000D
FFFFFFF2
0000000F
FFFFFFF0
00000000
00000000
00000000
00000000
00000000
00000000
00000000
00000000
00000000
00000000
00000000
00000000
00000000
00000000
00000000
00000000
00000000
00000000
00000000
00000000
00000000
00000000
00000000
00000000
00000000
00000000
00000000
00000000
00000000
00000000
00000000
00000000
00000000
00000000
00000000
00000000
00000000
00000000
00000000
00000000
00000000
00000000
00000000
00000000
00000000
00000000
00000000
00000000
00000000
00000000
00000000
00000000
00000000
00000000
00000000
00000000
00000000
00000000
00000000
00000000
00000000
00000000
00000000
00000000
00000000
00000000
00000000
00000000
00000000
00000000
00000000
00000000
00000000
00000000
00000000
00000000
00000000
00000000
00000000
00000000
00000000
00000000
00000000
00000000
00000000
00000000
00000000
00000000
00000000
00000000
00000000
00000000
00000000
00000000
00000000
00000000
00000000
00000000
00000000
00000000
00000000
00000000
00000000
00000000
00000000
00000000
00000000
00000000
00000000
00000000
00000000
00000000
00000000
00000000
00000000
00000000
00000000
00000000
00000000
00000000
00000000
00000000
00000000
00000000
00000000
00000000
00000000
00000000
00000000
00000000
00000000
00000000
00000000
00000000
00000000
00000000
00000000
00000000
00000000
00000000
00000000
00000000
00000000
00000000
00000000
00000000
00000000
00000000
00000000
00000000
00000000
00000000
00000000
00000000
00000000
00000000
00000000
00000000
00000000
00000000
00000000
00000000
00000000
00000000
00000000
00000000
00000000
00000000
00000000
00000000
00000000
00000000
00000000
00000000
00000000
00000000
00000000
00000000
00000000
00000000
00000000
00000000
00000000
00000000
00000000
00000000
00000000
00000000
00000000
00000000
00000000
00000000
00000000
00000000
00000000
00000000
00000000
00000000
00000000
00000000
00000000
00000000
00000000
00000000
00000000
00000000
00000000
00000000
00000000
00000000
00000000
00000000
00000000
00000000
00000000
00000000
00000000
00000000
00000000
00000000
00000000
00000000
00000000
00000000
00000000
00000000
00000000
00000000
00000000
00000000
00000000
00000000
00000000
00000000
00000000
00000000
00000000
00000000
00000000
00000000
00000001
FFFFFFFE
00000003
FFFFFFFC
00000005
FFFFFFFA
00000007
FFFFFFF8
00000009
FFFFFFF6
0000000B
FFFFFFF4
0000000D
FFFFFFF2
0000000F
FFFFFFF0
00000001
FFFFFFFE
00000003
FFFFFFFC
00000005
FFFFFFFA
00000007
FFFFFFF8
00000009
FFFFFFF6
0000000B
FFFFFFF4
0000000D
FFFFFFF2
0000000F
FFFFFFF0
00000001
FFFFFFFE
00000003
FFFFFFFC
00000005
FFFFFFFA
00000007
FFFFFFF8
00000009
FFFFFFF6
0000000B
FFFFFFF4
0000000D
FFFFFFF2
0000000F
FFFFFFF0
00000001
FFFFFFFE
00000003
FFFFFFFC
00000005
FFFFFFFA
00000007
FFFFFFF8
00000009
FFFFFFF6
0000000B
FFFFFFF4
0000000D
FFFFFFF2
0000000F
FFFFFFF0
00000001
FFFFFFFE
00000003
FFFFFFFC
00000005
FFFFFFFA
00000007
FFFFFFF8
00000009
FFFFFFF6
0000000B
FFFFFFF4
0000000D
FFFFFFF2
0000000F
FFFFFFF0
00000001
FFFFFFFE
00000003
FFFFFFFC
00000005
FFFFFFFA
00000007
FFFFFFF8
00000009
FFFFFFF6
0000000B
FFFFFFF4
0000000D
FFFFFFF2
0000000F
FFFFFFF0
00000001
FFFFFFFE
00000003
FFFFFFFC
00000005
FFFFFFFA
00000007
FFFFFFF8
00000009
FFFFFFF6
0000000B
FFFFFFF4
0000000D
FFFFFFF2
0000000F
FFFFFFF0
00000001
FFFFFFFE
00000003
FFFFFFFC
00000005
FFFFFFFA
00000007
FFFFFFF8
00000009
FFFFFFF6
0000000B
FFFFFFF4
0000000D
FFFFFFF2
0000000F
FFFFFFF0
FFFFFFFF
00000002
FFFFFFFD
00000004
FFFFFFFB
00000006
FFFFFFF9
00000008
FFFFFFF7
0000000A
FFFFFFF5
0000000C
FFFFFFF3
0000000E
FFFFFFF1
00000010
FFFFFFFF
00000002
FFFFFFFD
00000004
FFFFFFFB
00000006
FFFFFFF9
00000008
FFFFFFF7
0000000A
FFFFFFF5
0000000C
FFFFFFF3
0000000E
FFFFFFF1
00000010
FFFFFFFF
00000002
FFFFFFFD
00000004
FFFFFFFB
00000006
FFFFFFF9
00000008
FFFFFFF7
0000000A
FFFFFFF5
0000000C
FFFFFFF3
0000000E
FFFFFFF1
00000010
FFFFFFFF
00000002
FFFFFFFD
00000004
FFFFFFFB
00000006
FFFFFFF9
00000008
FFFFFFF7
0000000A
FFFFFFF5
0000000C
FFFFFFF3
0000000E
FFFFFFF1
00000010
FFFFFFFF
00000002
FFFFFFFD
00000004
FFFFFFFB
00000006
FFFFFFF9
00000008
FFFFFFF7
0000000A
FFFFFFF5
0000000C
FFFFFFF3
0000000E
FFFFFFF1
00000010
FFFFFFFF
00000002
FFFFFFFD
00000004
FFFFFFFB
00000006
FFFFFFF9
00000008
FFFFFFF7
0000000A
FFFFFFF5
0000000C
FFFFFFF3
0000000E
FFFFFFF1
00000010
FFFFFFFF
00000002
FFFFFFFD
00000004
FFFFFFFB
00000006
FFFFFFF9
00000008
FFFFFFF7
0000000A
FFFFFFF5
0000000C
FFFFFFF3
0000000E
FFFFFFF1
00000010
FFFFFFFF
00000002
FFFFFFFD
00000004
FFFFFFFB
00000006
FFFFFFF9
00000008
FFFFFFF7
0000000A
FFFFFFF5
0000000C
FFFFFFF3
0000000E
FFFFFFF1
00000010
